40123456
101
Enviado
15
5
2024
28
4
2026
0;3;5

35987654
205
Finalizado
10
5
2024
15
5
2024
1;4;9

28456123
312
Retirado
5
5
2024
12
5
2024
2;6;8

46444123
206
En proceso
11
11
2025
16
6
2026
3;4;5;8

46408839
3008
Enviado
13
5
2026
28
4
2026
1;2;3;6

35987654
205
Finalizado
13
5
2026
13
5
2026
3;4;5;6

46333488
101
Retirado
13
5
2026
13
5
2026
0

46123321
205
En elaboracion
13
5
2026
20
11
2026
0

46123321
205
En elaboracion
13
5
2026
13
5
2026
1

46123321
205
Finalizado
13
5
2026
16
6
2027
7

46123321
101
Retirado
13
5
2026
17
5
2026
4

46123321
400
Finalizado
13
5
2026
16
5
2026
5

46333488
101
En elaboracion
13
5
2026
13
5
2026
1

46333488
101
En elaboracion
13
5
2026
13
5
2026
2

46333488
101
En elaboracion
13
5
2026
13
5
2026
3

46333488
101
En elaboracion
13
5
2026
13
5
2026
4

46909090
205
Finalizado
13
5
2026
13
5
2026
0

46909090
101
Finalizado
13
5
2026
13
5
2026
1

